,Zipcode,2018 Price
43,90046,1208013.0
98,90034,1229851.0
114,90044,422650.0
134,90026,787913.0
171,90066,1433716.0
219,90019,942568.0
252,90004,1078090.0
268,91342,504128.0
295,90025,977563.0
305,90011,395959.0
330,90027,1180007.0
339,91335,529821.0
344,90731,592714.0
588,90036,1573756.0
667,91331,466468.0
683,90042,737978.0
810,90006,682116.0
857,90028,860152.0
903,90024,1360521.0
1000,91402,468904.0
1032,91367,744020.0
1067,91406,577048.0
1073,90049,2328055.0
1085,90020,648518.0
1175,91405,550361.0
1221,91601,701567.0
1306,90005,876596.0
1307,90047,472430.0
1316,91343,575464.0
1319,90003,372904.0
1348,90016,691292.0
1368,90018,681758.0
1370,90043,636991.0
1386,90037,451829.0
1392,91304,630053.0
1439,90045,1180214.0
1501,91344,637375.0
1561,90057,514777.0
1780,91605,546572.0
1997,90029,888932.0
2016,90065,787086.0
2018,91606,609709.0
2029,90291,1751895.0
2045,91423,1091638.0
2099,90292,1132122.0
2199,90008,785593.0
2205,91401,768819.0
2279,91604,1215982.0
2454,90744,443272.0
2544,91306,552575.0
2569,90035,1352722.0
2581,91607,873104.0
2621,91311,632956.0
2625,90007,680713.0
2645,90012,577446.0
2730,90048,1633911.0
2811,90068,1237746.0
2833,90032,580164.0
2932,90033,466978.0
3099,90017,800623.0
3104,90038,948691.0
3141,91326,773618.0
3277,91316,704222.0
3301,90064,1477322.0
3470,90002,355056.0
3486,90039,839163.0
3562,91325,677282.0
3613,91403,1097425.0
3660,91356,962771.0
3673,91352,526787.0
3811,90031,632748.0
3928,90023,420469.0
4193,90015,709832.0
4574,91364,897969.0
4641,90059,367838.0
4646,90041,809601.0
4755,91042,619447.0
4843,91602,877849.0
5027,91303,507647.0
5036,91324,612479.0
5080,90272,2939918.0
5115,90062,531103.0
5355,91411,718194.0
5383,90710,577384.0
5737,90732,643755.0
5998,91307,686659.0
6499,91040,609336.0
6511,90061,392742.0
7165,90293,855065.0
7209,90013,598553.0
7967,90094,1087914.0
8096,91436,1637810.0
8607,91345,522679.0
8709,90014,590833.0
10074,90248,551640.0
10165,90077,2333710.0
12506,90010,1030584.0
13706,90067,1149570.0
15922,90021,657758.0
17378,90058,368115.0
